
|0|
Log Likelihood = -217370.85691471;
Shared Parameters:
m31=1.706443311181008e-009
m32=9.999999999999996
m30=9.999999999999999e-021
m21=0.09223721769427813
m13=9.999999999999999e-021
m20=9.999999999999999e-021
m12=9.999999999999996
m23=0.08137980123690471
m10=0
s_del=0.4870546033147348
Paux1=0
Paux2=0.8731529526863804
Paux3=0
P0=Paux1*Paux2=0
P1=(1-Paux1)*Paux3=0
P2=(1-Paux1)*(1-Paux3)=1
P3=Paux1*(1-Paux2)=0
s0=1-2*s_del=0.02589079337053035
s1=1-s_del=0.5129453966852652
s2=1=1
s3=1-s_del/2=0.7564726983426326

Tree myTree=((pop_1:2.789867659626166,pop_3:3.263929192571279)a1:0.1202178824184143,(pop_2:2.693216836025521,pop_4:3.064534892694236)a2:0.1202178824184143);
